B11 = 1.383593399
B12 = 0
B13 = 0 

B21 = 0
B22 = 0.5975165844
B23 = 0

B31 = 0
B32 = 0
B33 = 1.067261645