Fc1 = 3.071851540*tanh(10.*dtheta1)

Fc2 = 0.8751122324*tanh(10.*dtheta2)

Fc3 = 0.5545413316*tanh(10.*dtheta3)