Jm11 = 0.3280096764
Jm12 = 0
Jm13 = 0

Jm21 = 0
Jm22 = 0.7657161993
Jm23 = 0

Jm31 = 0
Jm32 = 0
Jm33 = 0.3341560957e-6